0.2550598084926605
0.11106505990028381
0.06607985496520996
0.29013314843177795
0.29013314843177795
0.5800378918647766
0.2607518434524536
0.2607518434524536
0.2607518434524536
0.2607518434524536
0.9780514240264893
0.7242510914802551
0.7692390084266663
0.7692390084266663
0.7692390084266663
0.5397980213165283
0.5397980213165283
0.5397980213165283
0.45480412244796753
0.45480412244796753
0.45480412244796753
0.45480412244796753
0.45480412244796753
0.45480412244796753
0.45480412244796753
0.45480412244796753
0.45480412244796753
0.45480412244796753
0.45480412244796753
0.45480412244796753
0.45480412244796753
0.2008219063282013
0.5416110157966614
0.538688600063324
0.5417342782020569
0.4898844361305237
0.38734859228134155
0.38734859228134155
0.30940693616867065
0.30940693616867065
0.09241297841072083
0.09241297841072083
0.09241297841072083
0.09241297841072083
0.3993383049964905
0.142918661236763
0.142918661236763
0.23697610199451447
0.19533230364322662
0.19533230364322662
0.18932606279850006
0.11310184001922607
0.09230179339647293
0.09230179339647293
0.07029739022254944
0.07029739022254944
0.3303181827068329
0.1483805775642395
0.06482218950986862
0.2880398631095886
0.1800910234451294
0.3292850852012634
0.3292850852012634
0.20398372411727905
0.20398372411727905
0.20398372411727905
0.20398372411727905
0.2144423872232437
0.2977827787399292
0.2977827787399292
0.2977827787399292
0.0966884195804596
0.0787823423743248
0.0787823423743248
0.055137380957603455
0.18067650496959686
0.12067180871963501
0.07517892867326736
0.07517892867326736
0.11486703157424927
0.19905447959899902
0.19905447959899902
0.19905447959899902
0.19905447959899902
0.19905447959899902
0.19905447959899902
0.19905447959899902
0.19905447959899902
0.19905447959899902
0.19905447959899902
0.19905447959899902
0.19905447959899902
0.19905447959899902
0.19905447959899902
0.0831407904624939
0.10491834580898285
0.07528257369995117
0.19595268368721008
0.19595268368721008
0.19595268368721008
0.09152992814779282
0.052049361169338226
0.17010821402072906
0.2155465930700302
0.15973882377147675
0.06750868260860443
0.06750868260860443
0.14098547399044037
0.05787985026836395
0.05787985026836395
0.05787985026836395
0.05787985026836395
0.05787985026836395
0.05787985026836395
0.05787985026836395
0.05787985026836395
0.05787985026836395
0.05787985026836395
0.05787985026836395
0.05787985026836395
0.05787985026836395
0.05787985026836395
0.05787985026836395
0.10331927239894867
0.15577493607997894
0.15577493607997894
0.1166156753897667
0.1714111566543579
0.1714111566543579
0.07879091799259186
0.07613127678632736
0.07613127678632736
0.07613127678632736
0.07613127678632736
0.07613127678632736
0.07613127678632736
0.27943116426467896
0.18668480217456818
0.18668480217456818
0.18668480217456818
0.2126709669828415
0.11808902025222778
0.11808902025222778
0.11808902025222778
0.11808902025222778
0.11808902025222778
0.11808902025222778
0.09524884819984436
0.06869684159755707
0.06869684159755707
0.06869684159755707
0.06869684159755707
0.10998118668794632
0.2231626659631729
0.0844881683588028
0.062332745641469955
0.062332745641469955
0.062332745641469955
0.062332745641469955
0.10564941167831421
0.10252024233341217
0.10252024233341217
0.10252024233341217
0.10252024233341217
0.10252024233341217
0.10252024233341217
0.10252024233341217
0.1313065141439438
0.3315695822238922
0.06740473210811615
0.05187991261482239
0.05187991261482239
0.05187991261482239
0.05187991261482239
0.05187991261482239
0.05187991261482239
0.05187991261482239
0.11046640574932098
0.05682560056447983
0.05682560056447983
0.05682560056447983
0.05682560056447983
0.05682560056447983
0.05682560056447983
0.05682560056447983
0.05682560056447983
0.05682560056447983
0.05682560056447983
0.05682560056447983
0.05682560056447983
0.07717892527580261
0.09713143110275269
0.0996745154261589
0.2014407515525818
0.2014407515525818
0.057343628257513046
0.08380170166492462
0.08380170166492462
0.08380170166492462
0.08380170166492462
0.06468953937292099
0.05979084596037865
0.05979084596037865
0.07743367552757263
0.06550565361976624
0.06550565361976624
0.06550565361976624
0.06550565361976624
0.06550565361976624
0.07281340658664703
0.058421529829502106
0.058421529829502106
0.058421529829502106
0.058421529829502106
0.06103574484586716
0.04550482705235481
0.04550482705235481
0.04550482705235481
0.04550482705235481
0.04550482705235481
0.04550482705235481
0.04550482705235481
0.04550482705235481
0.0680660679936409
0.054679688066244125
0.05496445298194885
0.05496445298194885
0.05496445298194885
0.05496445298194885
0.05356574058532715
0.05672883614897728
0.05672883614897728
0.14731663465499878
0.08207796514034271
0.08207796514034271
0.08207796514034271
0.08207796514034271
0.08207796514034271
0.08207796514034271
0.08207796514034271
0.08207796514034271
0.08207796514034271
0.08207796514034271
0.08207796514034271
0.08207796514034271
0.08207796514034271
0.08207796514034271
0.08207796514034271
0.08207796514034271
0.08207796514034271
0.08207796514034271
0.08207796514034271
0.08207796514034271
0.05291200801730156
0.05047541484236717
0.07051222026348114
0.05050089210271835
0.05050089210271835
0.05050089210271835
0.05050089210271835
0.055716756731271744
0.0553104504942894
0.0553104504942894
0.0553104504942894
0.0553104504942894
0.1336301565170288
0.046742454171180725
0.046742454171180725
0.046742454171180725
0.046742454171180725
0.046742454171180725
0.046742454171180725
0.046742454171180725
0.046742454171180725
0.046742454171180725
0.046742454171180725
0.046742454171180725
0.046742454171180725
0.046742454171180725
0.046742454171180725
0.046742454171180725
0.046742454171180725
0.046742454171180725
0.046742454171180725
0.046742454171180725
0.046742454171180725
0.046742454171180725
0.046742454171180725
0.046742454171180725
0.046742454171180725
0.046742454171180725
0.046742454171180725
0.046742454171180725
0.046742454171180725
0.046742454171180725
0.046742454171180725
0.046742454171180725
0.046742454171180725
0.046742454171180725
0.046742454171180725
0.046742454171180725
0.046742454171180725
0.046742454171180725
0.046742454171180725
0.046742454171180725
0.046742454171180725
0.046742454171180725
0.046742454171180725
0.046742454171180725
0.046742454171180725
0.046742454171180725
0.046742454171180725
0.046742454171180725
0.046742454171180725
0.046742454171180725
0.046742454171180725
0.046742454171180725
0.046742454171180725
0.046742454171180725
0.046742454171180725
0.046742454171180725
0.046742454171180725
0.046742454171180725
0.046742454171180725
0.046742454171180725
0.046742454171180725
0.046742454171180725
0.046742454171180725
0.046742454171180725
0.046742454171180725
0.046742454171180725
0.046742454171180725
0.046742454171180725
0.046742454171180725
0.046742454171180725
0.046742454171180725
0.046742454171180725
0.046742454171180725
0.046742454171180725
0.04745128005743027
0.055566612631082535
0.055566612631082535
0.055566612631082535
0.055566612631082535
0.055566612631082535
0.055566612631082535
0.055566612631082535
0.055566612631082535
0.055566612631082535
0.055566612631082535
0.055566612631082535
0.055566612631082535
0.055566612631082535
0.055566612631082535
0.055566612631082535
0.055566612631082535
0.055566612631082535
0.055566612631082535
0.055566612631082535
0.055566612631082535
0.055566612631082535
0.055566612631082535
0.055566612631082535
0.055566612631082535
0.057046838104724884
0.049714453518390656
0.0880805253982544
0.055269427597522736
0.055269427597522736
0.055269427597522736
0.055269427597522736
0.04711100459098816
0.06323361396789551
0.0495038777589798
0.049543894827365875
0.049543894827365875
0.047091029584407806
0.1324436366558075
0.04886885732412338
0.05273492634296417
0.05273492634296417
0.07528816163539886
0.3798559606075287
0.09961267560720444
0.06076647341251373
0.06076647341251373
0.06076647341251373
0.06076647341251373
0.06076647341251373
0.06076647341251373
0.06076647341251373
0.07008045166730881
0.1207752376794815
0.1207752376794815
0.06323646008968353
0.11068848520517349
0.05965334549546242
0.04848808795213699
0.04848808795213699
0.04848808795213699
0.04848808795213699
0.04848808795213699
0.04848808795213699
0.09809884428977966
0.05890025570988655
0.05890025570988655
0.06134758144617081
0.04728635773062706
0.04728635773062706
0.04728635773062706
0.04728635773062706
0.04728635773062706
0.04728635773062706
0.05051179975271225
0.0684860348701477
0.0684860348701477
0.1252824068069458
0.22165854275226593
0.22165854275226593
0.22165854275226593
0.22165854275226593
0.054639484733343124
0.07786519825458527
0.07786519825458527
0.11331366002559662
0.16649165749549866
0.16649165749549866
0.16649165749549866
0.16649165749549866
0.05530281364917755
0.05105689913034439
0.05105689913034439
0.05105689913034439
0.04969232529401779
0.0592753067612648
0.04486171528697014
0.051990680396556854
0.051990680396556854
0.051990680396556854
0.051990680396556854
0.051990680396556854
0.051990680396556854
0.051990680396556854
0.051990680396556854
0.04813988506793976
0.08651222288608551
0.04561847448348999
0.0635828897356987
0.0635828897356987
0.0635828897356987
0.0635828897356987
0.0635828897356987
0.0635828897356987
0.0635828897356987
0.0635828897356987
0.0635828897356987
0.0635828897356987
0.0635828897356987
0.0635828897356987
0.0635828897356987
0.0635828897356987
0.0635828897356987
0.06414739042520523
0.04722542315721512
0.04722542315721512
0.04722542315721512
0.04722542315721512
0.04722542315721512
0.04722542315721512
0.04722542315721512
0.04722542315721512
0.04722542315721512
0.04722542315721512
0.04722542315721512
0.05772930011153221
0.04359705373644829
0.04359705373644829
0.04359705373644829
0.04359705373644829
0.04359705373644829
0.06226540356874466
0.07296081632375717
0.07296081632375717
0.07296081632375717
0.07296081632375717
0.07296081632375717
0.07296081632375717
0.08175820112228394
0.08175820112228394
0.05073820799589157
0.05073820799589157
0.05073820799589157
0.05073820799589157
0.05073820799589157
0.05073820799589157
0.05073820799589157
0.05073820799589157
0.05073820799589157
0.05073820799589157
0.05073820799589157
