1.0
0.8
0.56
0.12
0.12
0.24
0.36
0.36
0.36
0.36
0.44
0.64
0.4
0.4
0.4
0.68
0.68
0.68
0.44
0.44
0.44
0.44
0.44
0.44
0.44
0.44
0.44
0.44
0.44
0.44
0.44
0.48
0.52
0.84
0.8
0.84
0.76
0.76
0.6
0.6
0.64
0.64
0.64
0.64
0.6
0.84
0.84
0.6
0.48
0.48
0.68
0.68
0.6
0.6
0.84
0.84
0.64
0.88
0.56
0.48
0.8
0.92
0.92
0.88
0.88
0.88
0.88
0.76
0.88
0.88
0.88
1.0
0.84
0.84
0.88
0.8
0.96
0.64
0.64
0.96
0.8
0.8
0.8
0.8
0.8
0.8
0.8
0.8
0.8
0.8
0.8
0.8
0.8
0.8
0.88
0.76
0.8
0.84
0.84
0.84
1.0
0.8
0.92
0.8
0.96
0.84
0.84
0.88
0.92
0.92
0.92
0.92
0.92
0.92
0.92
0.92
0.92
0.92
0.92
0.92
0.92
0.92
0.92
0.92
0.88
0.88
0.92
0.92
0.92
0.96
0.96
0.96
0.96
0.96
0.96
0.96
0.96
0.84
0.84
0.84
0.92
0.88
0.88
0.88
0.88
0.88
0.88
0.96
0.76
0.76
0.76
0.76
0.96
0.92
0.96
0.96
0.96
0.96
0.96
0.92
0.96
0.96
0.96
0.96
0.96
0.96
0.96
0.92
0.88
0.92
0.8
0.8
0.8
0.8
0.8
0.8
0.8
1.0
0.96
0.96
0.96
0.96
0.96
0.96
0.96
0.96
0.96
0.96
0.96
0.96
0.88
0.8
1.0
0.96
0.96
0.96
0.92
0.92
0.92
0.92
1.0
1.0
1.0
0.96
0.88
0.88
0.88
0.88
0.88
1.0
1.0
1.0
1.0
1.0
0.96
1.0
1.0
1.0
1.0
1.0
1.0
1.0
1.0
0.92
0.96
1.0
1.0
1.0
1.0
1.0
0.88
0.88
0.92
0.8
0.8
0.8
0.8
0.8
0.8
0.8
0.8
0.8
0.8
0.8
0.8
0.8
0.8
0.8
0.8
0.8
0.8
0.8
0.8
1.0
0.88
0.96
0.96
0.96
0.96
0.96
1.0
0.92
0.92
0.92
0.92
1.0
1.0
1.0
1.0
1.0
1.0
1.0
1.0
1.0
1.0
1.0
1.0
1.0
1.0
1.0
1.0
1.0
1.0
1.0
1.0
1.0
1.0
1.0
1.0
1.0
1.0
1.0
1.0
1.0
1.0
1.0
1.0
1.0
1.0
1.0
1.0
1.0
1.0
1.0
1.0
1.0
1.0
1.0
1.0
1.0
1.0
1.0
1.0
1.0
1.0
1.0
1.0
1.0
1.0
1.0
1.0
1.0
1.0
1.0
1.0
1.0
1.0
1.0
1.0
1.0
1.0
1.0
1.0
1.0
1.0
1.0
1.0
1.0
1.0
0.96
1.0
1.0
1.0
1.0
1.0
1.0
1.0
1.0
1.0
1.0
1.0
1.0
1.0
1.0
1.0
1.0
1.0
1.0
1.0
1.0
1.0
1.0
1.0
1.0
1.0
0.96
0.92
1.0
1.0
1.0
1.0
1.0
1.0
1.0
0.88
0.88
0.96
0.92
0.96
0.92
0.92
1.0
0.96
0.96
1.0
1.0
1.0
1.0
1.0
1.0
1.0
0.96
0.96
0.96
1.0
0.92
1.0
1.0
1.0
1.0
1.0
1.0
1.0
0.92
0.96
0.96
0.96
1.0
1.0
1.0
1.0
1.0
1.0
0.96
1.0
1.0
0.96
1.0
1.0
1.0
1.0
1.0
0.96
0.96
0.92
0.8
0.8
0.8
0.8
0.92
0.92
0.92
0.92
0.96
0.92
0.96
1.0
1.0
1.0
1.0
1.0
1.0
1.0
1.0
0.96
0.88
1.0
1.0
1.0
1.0
1.0
1.0
1.0
1.0
1.0
1.0
1.0
1.0
1.0
1.0
1.0
1.0
0.96
1.0
1.0
1.0
1.0
1.0
1.0
1.0
1.0
1.0
1.0
1.0
0.96
1.0
1.0
1.0
1.0
1.0
0.96
0.96
0.96
0.96
0.96
0.96
0.96
1.0
1.0
1.0
1.0
1.0
1.0
1.0
1.0
1.0
1.0
1.0
1.0
1.0
