7.1888776
3.106817
1.7187533
0.4263536
0.7740043
0.95445955
0.9137518
1.4865613
0.7582789
0.61731136
1.511371
1.2785257
1.0283487
1.8140974
1.904166
2.5255702
0.9739818
1.0753837
1.4765849
1.7782818
1.857794
1.4069943
1.1249596
2.0040245
0.9214441
1.1180173
0.5678663
1.459602
1.9107902
1.4965312
1.5385139
1.7502159
2.5855117
2.8300629
3.0390215
3.0677667
3.5651045
2.6207108
2.2898557
3.6019602
2.7593002
1.79442
3.2221508
1.4930116
2.677563
3.6407712
3.0555427
2.332817
2.0083518
2.2602503
3.407889
2.5808356
1.5914372
2.4561737
3.3201113
2.0687995
1.7979518
3.3860815
2.241826
1.7468708
3.686279
3.8936138
4.5979204
4.346685
2.6485817
2.3010373
2.0065567
2.6968799
4.3670683
4.6660414
3.8071935
4.566907
4.0818744
2.0099745
2.935582
2.944325
3.9557257
2.5426989
3.1198013
3.744258
2.9983704
4.4872513
4.569906
4.3155985
4.89025
4.901725
4.7036147
3.973989
3.8366907
4.438185
4.2915134
4.7872887
4.180629
4.434821
4.7344494
3.0477157
3.1258416
3.3229253
5.0058846
5.366293
5.980814
3.1263094
3.3985572
3.1211874
4.886642
3.602247
2.064459
2.848118
4.1198134
2.597846
2.270871
2.193878
1.9866756
2.5999777
2.4319818
2.796933
2.1332984
2.3943794
1.7813993
2.1659727
2.3149767
2.0445254
2.1970909
3.7183402
3.3784976
4.733883
4.17176
4.207638
4.8779674
5.530067
4.5074177
4.39237
2.899877
3.1228268
3.8186224
3.6335392
4.049979
3.300987
4.8205976
5.2593074
5.3945904
3.9199975
3.9929917
4.207742
4.1555886
4.8797073
4.2840896
4.427359
2.7642906
3.473271
2.5611396
2.705638
3.4046311
4.277852
4.672377
4.86983
2.5848258
2.7445884
2.9045725
3.3339777
4.259947
4.2348323
3.9833686
4.1173124
4.3477793
4.1894464
4.0368996
4.321257
3.1572695
4.64395
3.6253066
3.7461395
3.9082372
2.6211936
4.0440474
3.4806356
3.4015684
4.5636277
3.9472158
3.9222724
3.9478996
4.6180778
3.6882796
4.623114
3.9214165
4.2035923
4.256887
3.9890847
4.330702
3.3470826
4.6751575
3.8318164
5.235517
4.2848167
5.6098366
6.015497
4.198228
3.5487561
3.5466967
3.6800594
4.5404797
3.9178016
3.771823
4.1631
4.525919
3.6077032
3.9810493
4.1084538
3.9652448
5.002749
5.2084517
4.3330665
4.197427
4.360294
4.6075134
4.1227117
3.9711237
4.2758765
4.4162655
3.6864994
3.7759323
4.1411586
3.6029315
4.808633
4.48095
5.160218
3.8938642
3.558957
3.6025937
3.9768183
3.4488463
4.2878404
4.197639
4.042627
4.511336
4.051733
4.180868
3.4232414
4.4316616
3.8367918
4.107115
3.5518262
4.0439744
4.537623
4.265024
4.1699133
4.207561
3.6842086
3.8688364
4.3100414
4.085644
3.8865654
3.9863653
4.9730167
4.0276027
4.802835
3.838294
4.7160063
4.215361
4.0950494
4.8862824
4.3109503
4.088994
3.691357
3.168309
4.2122746
3.8376288
4.266848
3.9209542
3.8209815
3.870257
4.2554398
3.5058608
3.9468474
3.3285093
4.0796046
4.0454106
3.4465954
3.7688372
3.6851232
3.7120047
3.2953467
3.7820215
3.9240355
3.9352632
3.619824
3.5787048
3.529643
3.4772646
3.6080637
3.6392574
3.3639426
4.383529
3.6792078
4.4992247
3.6346226
4.219095
3.8370876
3.7519236
3.9111004
4.341534
3.940898
3.6557195
4.451814
3.8976061
3.730094
3.3970883
4.109974
3.666841
4.2061553
3.596771
3.6718543
3.8317544
3.8450983
3.717696
3.6116061
3.7941644
3.0707903
3.7627952
4.0333257
4.309463
3.4184127
4.4137807
4.084117
3.4633932
3.9532163
4.3293095
3.910458
3.8391235
3.6545556
3.4121134
3.4496632
3.99063
3.7469683
3.8798628
3.424614
4.3810444
3.7165253
4.3122344
4.727334
4.473627
3.620998
3.5818572
3.6746795
4.331439
3.9465024
3.9103959
4.0730343
3.998449
4.238391
4.450667
4.302504
3.7059274
4.041759
3.8696933
3.8744986
3.7675407
3.7393286
3.862794
3.6246753
4.2396884
3.6410553
4.1037965
3.234026
5.0613284
4.79464
3.8480918
4.3544865
5.4547853
5.7261095
5.878595
5.856098
4.772558
3.9852707
3.437746
3.8915372
4.267477
4.313012
4.9698277
3.5409021
3.6037457
3.955868
3.7958612
5.095394
4.085265
3.2298882
3.8740976
3.1037333
3.068298
2.7245133
2.908004
3.6907773
3.9919324
5.6024046
6.0361037
4.7738895
5.4343786
5.000144
3.7611265
3.6005652
3.2204785
3.2138724
3.793567
3.6664503
4.467516
4.7906737
4.585779
4.718387
4.7866616
4.7440224
4.6092567
4.5451727
4.569063
4.6328783
4.518239
4.4293957
4.5956883
4.700878
5.2543983
5.468926
5.491229
5.7811604
4.1577764
4.381356
4.716349
3.5928695
3.9399416
3.886263
4.10214
3.7875347
3.5439522
4.0221334
4.094393
4.1270094
3.8164327
3.7460258
4.586284
3.885973
4.336888
3.804642
3.8172169
4.293871
4.1626873
4.2598157
4.378262
3.5727646
5.5173454
4.6893153
5.4191813
4.6122713
5.189634
5.2201633
4.6358867
4.7175107
4.850234
5.4206495
4.9199004
5.155341
5.417875
5.356739
5.4097376
5.204294
4.884276
4.544907
3.6079154
4.266069
3.4031513
3.5286782
3.9761076
3.8343706
3.9890783
4.465383
4.1759486
4.235342
4.304237
4.9432235
4.213457
3.4547794
4.039017
4.2081795
4.360869
4.1246004
5.3552046
5.170711
4.6155453
5.18782
5.2593064
5.032946
4.7905493
4.873172
4.0806665
4.253888
4.3896403
4.4855256
4.0601497
4.0530677
3.840112
4.332625
4.3392425
4.601891
