26.851193048943003
29.815841038417574
27.725005063859825
27.052149548422243
29.943921017497924
29.395427055408803
27.728870476259388
26.63552041105776
28.485486472397074
27.21832692941375
26.68414191743328
29.14798972039519
29.24351735421926
29.05328058162288
29.05328058162288
29.349344420986736
29.46406267345343
26.969627868955126
28.875009576110614
27.263391660667715
27.865460937401323
29.473457565205333
28.772872817194862
27.477562217166096
27.477562217166096
28.632353501103953
29.166662517551572
29.166662517551572
27.170237467691834
27.170237467691834
29.826859734600877
28.566533999634885
28.68812123521083
28.730136431021208
28.730136431021208
28.731400555143274
29.688383291440957
29.592436636046656
29.436858000549066
29.436858000549066
28.07323503077578
27.376439746227085
29.59296416180282
29.59296416180282
27.47463101140699
26.78444424969411
29.485931434052794
28.15283880241111
29.69045142434602
29.69045142434602
29.69045142434602
29.69045142434602
29.69045142434602
29.69045142434602
29.69045142434602
29.445738449936883
28.02191002212623
28.591961575761303
29.861500146775665
29.861500146775665
28.883389210002328
29.62949648577116
29.919125785573552
29.631663131480966
29.631663131480966
29.468228007718885
29.468228007718885
28.23688061742703
28.23688061742703
28.412855007692116
28.412855007692116
29.738871299808782
29.738871299808782
29.04608706539384
29.954115119580003
29.954115119580003
29.06804194761829
29.06804194761829
29.404857613423868
29.69780816816897
29.613000576559617
29.613000576559617
28.823903070032706
28.823903070032706
28.823903070032706
28.823903070032706
28.823903070032706
28.823903070032706
28.823903070032706
28.823903070032706
28.823903070032706
28.3374099685859
29.25525826336713
29.74254962670725
29.74254962670725
29.74254962670725
29.74254962670725
29.74254962670725
29.74254962670725
29.74254962670725
